1818
598
685
235
711
3247
2683
469
103
1306
159
139
131
2075
1620
159
75
876
244
2006
339
365
236
418
135
1417
450
385
904
793
811
2023
1939
2646
43
285
318
843
416
1610
174
161
84
104
343
350
4914
107
179
170
185
201
271
255
2091
98
4290
673
250
4148
3098
215
1335
1778
699
92
322
295
183
314
57
3596
632
620
181
2262
153
478
1354
1681
783
210
57
97
208
241
1295
209
201
457
233
146
100
137
161
194
193
77
486
581
422
192
86
625
51
700
1841
80
1038
284
369
2641
181
131
266
170
400
324
630
263
373
62
559
353
309
211
62
216
2437
78
25
457
868
99
72
320
1041
138
2719
63
1058
5000
415
104
711
500
2100
1908
388
2388
1049
796
310
397
535
3694
1000
500
2302
97
559
1971
525
85
387
270
387
317
423
245
125
256
1140
196
4320
393
1361
292
184
1650
321
200
190
256
3053
560
2723
83
270
192
3163
1194
367
1643
1239
486
268
2840
407
222
381
347
140
524
38
3427
241
625
1891
2927
2496
190
97
1749
112
133
95
1439
149
262
109
212
3545
4759
286
5000
496
359
458
4677
213
83
266
98
75
731
135
51
466
1931
2167
1320
239
898
557
649
2115
1024
1305
108
722
595
285
61
56
196
129
431
1244
852
699
943
357
1178
258
482
200
1080
874
53
148
1468
67
488
4610
739
2584
342
405
1697
120
281
86
216
118
333
898
326
611
144
1397
79
542
265
1755
2774
1996
3454
293
953
477
206
1514
3034
990
184
433
209
2000
189
311
790
1570
469
165
445
847
3180
134
428
191
2805
167
218
228
500
958
3455
619
772
2455
4348
183
154
330
2583
1848
62
423
601
741
222
1891
567
3338
284
2894
2258
478
1875
243
706
471
360
155
15
114
124
188
174
32
751
388
188
294
110
428
428
184
234
3771
629
192
239
791
1919
398
1593
1347
76
450
773
2316
683
1938
622
231
31
202
894
1068
477
432
1885
410
177
3525
1429
2479
1329
100
1059
277
640
482
4324
982
390
386
2912
1351
936
360
1337
47
763
50
456
1476
1108
368
159
438
563
90
434
2956
484
1736
897
1546
37
878
418
216
3305
1844
100
500
118
86
820
1357
821
435
364
403
2393
223
94
463
167
312
336
260
188
165
1040
94
750
1098
632
949
344
2494
1574
624
1823
1332
110
1748
572
1509
3272
632
179
482
235
1513
202
830
907
335
1257
2572
254
212
638
79
240
287
439
2905
1543
647
293
1020
362
2768
241
759
949
1152
2639
63
1048
31
816
592
317
473
187
955
313
1855
136
648
194
2078
2900
262
5000
598
328
285
2940
68
910
2206
151
2668
267
179
2981
130
259
1763
629
498
3423
1014
331
477
2884
211
2384
3944
867
552
360
864
1094
712
5000
1975
164
1743
633
649
588
817
269
316
2610
256
582
164
2062
72
3533
832
380
278
638
1711
133
322
445
472
367
2355
652
1163
273
752
584
361
219
94
122
1523
182
299
1475
767
285
548
707
233
591
359
40
274
53
2000
343
531
158
326
150
197
265
217
1001
131
827
229
923
548
209
415
108
1019
187
447
751
1196
111
68
80
176
315
170
450
615
1409
143
246
200
594
113
253
569
70
83
270
175
101
308
2990
433
298
285
67
74
721
584
263
355
147
327
2879
99
49
1173
249
398
161
224
330
425
414
195
161
90
31
117
148
306
195
422
526
808
1074
36
223
708
68
219
275
665
427
288
418
252
81
3437
73
74
599
534
1123
255
459
1480
335
1993
95
1644
164
571
166
560
1197
359
177
488
47
419
524
529
243
352
100
284
628
293
1015
178
170
153
197
898
1619
96
133
347
73
625
1134
56
296
75
172
458
1827
161
286
271
183
107
109
500
1239
2411
514
509
73
523
57
194
169
188
574
459
240
146
105
100
229
234
369
92
100
295
2374
520
143
725
1390
493
412
327
198
312
388
269
1985
324
2781
299
302
261
129
618
361
82
1015
179
714
1318
145
1120
824
73
139
86
105
190
433
198
1212
1568
93
155
157
207
186
145
185
367
277
141
116
575
243
142
1130
184
172
221
102
1375
124
185
709
91
905
169
1408
82
127
105
1846
1490
1071
92
186
601
328
2744
142
500
161
164
4347
114
3989
157
377
749
1669
770
352
511
2915
222
87
164
405
1399
292
1295
110
175
172
143
142
132
325
105
2796
173
74
873
156
1019
272
110
221
110
573
115
1276
94
160
45
67
258
97
141
63
78
280
128
94
284
770
212
520
408
3154
566
2107
136
176
597
331
182
553
1462
305
4425
351
582
268
498
783
495
232
1729
691
141
129
407
4388
43
74
81
285
143
100
143
351
1500
158
224
135
201
116
402
2499
59
80
100
168
368
217
96
31
2826
1295
86
188
147
128
105
581
373
193
837
411
451
1000
112
152
34
67
348
818
99
2301
89
155
100
141
86
243
279
233
481
86
310
84
305
2149
4999
198
112
2354
389
764
393
457
261
2631
210
332
223
223
398
1072
192
131
194
55
1888
294
739
508
489
694
299
243
616
309
175
92
188
289
74
134
278
215
291
234
776
159
15
671
1870
488
667
198
1849
88
158
2575
189
44
472
153
67
108
382
336
58
159
1457
112
2165
186
96
1093
1037
107
490
503
237
2697
469
2251
1358
538
1243
552
153
207
89
2325
2062
154
236
302
250
188
469
2498
76
305
75
151
142
64
151
442
214
239
63
366
153
317
173
2848
272
76
56
146
1397
121
90
208
237
126
127
220
349
1814
163
207
346
68
184
4752
1121
113
149
264
402
2676
1733
182
129
191
280
128
406
78
72
303
250
52
542
1273
155
245
55
273
120
120
237
2500
637
324
460
60
110
129
58
1989
79
60
4512
1346
775
1810
2403
2655
343
737
68
2081
71
468
3546
4195
3110
263
372
323
4397
822
320
144
60
2444
121
146
1222
85
547
119
107
2352
487
261
616
1744
985
500
306
1628
167
184
76
394
81
1051
211
100
111
787
132
3644
2495
1469
442
268
792
87
26
426
484
193
72
116
81
171
3092
711
158
354
1073
149
108
608
606
730
3374
1330
143
259
2002
2718
134
5000
168
219
60
89
181
266
1393
176
191
870
90
478
127
133
170
2886
616
133
100
3582
372
100
83
101
793
750
218
2310
1212
514
925
292
83
121
228
1505
314
166
619
2016
138
140
593
269
660
465
575
40
1350
2271
2267
3340
27
1027
181
317
252
4116
1153
1631
2863
107
333
234
2286
2129
2306
1556
866
2333
1572
812
2481
1868
1272
114
2452
2543
2152
2832
2088
1855
1997
2101
320
1039
1395
2848
2927
513
674
66
4419
281
194
46
2949
338
2464
38
2227
2963
868
1939
2687
2456
2303
214
2613
2335
586
2345
319
2463
1109
121
2480
1455
59
1562
252
887
2942
2809
155
91
2883
1107
113
1786
63
715
239
3000
352
522
485
2285
15
296
84
232
127
2198
190
78
2922
500
699
418
2784
308
315
152
260
510
108
638
221
364
4076
153
473
2545
616
2888
79
2769
2466
1375
377
584
705
1980
218
414
4230
3446
382
1256
616
1152
302
532
277
115
337
2181
202
238
335
456
369
601
249
3000
345
2790
1048
320
507
1333
176
413
1019
347
1096
1685
457
24
157
1066
296
284
60
563
1817
68
111
2139
2593
601
609
3386
183
151
371
2803
73
3048
118
448
200
259
1646
388
751
248
487
2958
289
54
226
316
1155
2758
89
842
529
1023
448
2454
740
148
115
254
832
442
893
409
352
636
1477
120
226
554
2555
464
2982
180
144
2743
24
560
139
184
1459
145
184
148
2164
143
325
2349
1536
211
2166
704
878
1466
2742
1212
265
1544
87
54
752
224
1570
112
4841
379
193
217
111
422
288
499
100
726
1722
2368
1090
2040
509
369
221
2978
287
513
446
369
100
620
527
554
142
808
694
969
153
279
123
823
100
289
30
324
102
352
1014
2337
214
361
107
218
40
118
1727
493
423
1696
228
148
2075
800
521
660
492
1036
108
276
1566
719
1227
300
367
2343
57
435
249
121
308
309
184
439
971
466
67
172
358
278
33
126
354
2693
1532
311
2256
721
989
2052
962
251
957
2791
117
206
2072
469
180
414
121
273
121
1711
463
271
113
894
213
369
66
402
658
281
547
2024
1379
166
157
75
268
96
120
248
357
195
2282
1169
25
221
250
357
171
914
230
1046
161
75
914
493
926
657
109
162
236
130
1225
456
2665
87
333
243
1861
2903
262
504
91
100
364
189
215
305
2563
870
173
273
44
116
2171
303
190
136
1385
179
657
552
258
1453
328
497
100
146
184
100
2654
4980
628
143
672
1563
229
101
808
341
2667
2802
860
27
1617
3563
904
3203
91
467
320
568
337
826
239
405
730
484
1065
271
114
10
511
2743
1072
1132
3076
1601
2971
159
47
3003
3000
70
1113
518
745
237
110
502
228
394
1326
88
2048
2227
448
1333
2828
251
1801
381
215
111
98
3089
991
999
149
1368
207
2211
2385
1122
179
171
391
63
1195
948
616
5000
180
639
87
165
87
82
140
3422
116
313
291
3129
2986
254
118
1353
190
591
90
460
1935
435
408
2516
1079
56
1138
336
202
1130
1634
862
1017
996
2951
207
213
101
527
1628
646
567
457
425
1495
556
2544
280
183
158
294
504
449
335
1348
1181
535
1519
639
2011
2793
92
280
1444
301
253
423
141
430
130
295
317
1081
1339
883
100
211
36
1033
1739
58
2548
338
1686
1198
191
54
265
293
2761
372
32
677
896
43
2798
138
44
30
810
326
71
1434
1475
388
1667
1478
70
181
189
1446
452
1331
443
2458
202
182
301
4208
120
168
123
415
853
409
175
122
124
139
3020
1728
1198
73
2192
542
739
378
2206
2104
385
728
735
1809
44
1641
1883
2442
139
262
2424
1402
2558
16
179
88
1935
2710
2430
665
1448
2876
1224
286
1276
1736
1251
82
2564
253
795
337
166
391
1826
459
140
2412
28
1318
1025
1810
1070
128
116
120
354
202
1038
357
270
2965
1981
1347
97
119
4229
281
110
219
152
1322
2045
3435
1266
233
1820
240
20
802
85
2704
4230
685
312
374
1946
545
2000
40
174
239
252
392
191
164
161
1569
2928
208
367
86
832
73
589
602
701
860
211
61
370
922
205
324
439
36
1037
191
2799
560
106
96
1714
452
123
1084
184
501
169
45
258
536
368
1824
2368
145
345
2289
59
1097
875
1363
134
199
2536
3231
262
251
3071
318
2228
882
1093
291
28
986
623
3402
534
2712
1496
1075
299
3152
1223
1015
639
1281
292
122
86
1332
2901
199
1338
47
1682
124
581
404
98
201
2055
207
2749
767
939
307
325
110
227
140
1448
1568
926
456
217
380
129
1629
277
731
407
3000
151
2005
131
1987
1354
667
378
589
4034
1073
2221
1081
335
736
275
884
190
205
441
287
486
644
1119
67
108
153
417
65
128
1462
1911
1431
361
206
1137
646
64
147
686
2593
106
478
112
1041
98
827
108
1342
2129
92
2849
312
113
258
83
312
354
523
100
188
80
276
57
2581
667
82
392
4230
2264
313
113
286
146
412
1951
240
1024
1683
773
2801
490
2957
2617
579
4060
60
788
34
2552
1174
258
360
111
1504
2431
190
25
101
3736
118
115
55
2627
654
52
225
350
103
353
190
185
130
311
63
45
115
1240
173
26
344
101
200
1119
144
90
603
1378
835
770
882
1061
1487
161
439
29
48
46
143
232
310
36
424
22
358
4602
1667
92
783
91
49
178
72
1741
271
83
494
59
2928
99
2559
281
4409
865
1301
344
447
1737
1532
1401
3120
1605
404
302
1174
141
4016
1051
2714
2796
4958
448
112
4049
590
65
60
349
385
102
542
838
1400
105
561
293
113
439
488
229
2284
439
864
100
245
180
168
583
295
29
108
185
131
49
2405
381
197
156
1223
286
186
230
1162
177
498
1011
51
131
642
28
1158
2611
90
249
54
331
395
1064
100
730
583
637
110
193
69
195
86
99
377
362
247
141
389
438
242
51
737
648
108
1816
126
1325
65
2772
988
1105
1582
151
3625
233
334
157
184
247
1791
566
175
147
24
16
217
311
1594
484
3258
180
422
2722
322
196
37
785
1498
2018
185
92
254
127
304
57
165
1809
1995
31
169
110
84
3031
539
420
333
263
770
1597
205
1483
177
109
1083
427
774
73
109
464
762
159
1896
163
128
58
232
1485
2645
2924
419
784
3089
186
2358
1537
740
2103
380
791
537
100
336
276
252
1386
143
793
211
3133
160
718
265
245
242
533
341
1570
22
2000
168
1929
67
826
25
127
2181
94
3181
1674
167
1512
267
1596
886
1157
1734
842
249
307
2931
104
1548
468
182
92
2158
1977
152
59
1871
223
3722
229
71
129
65
899
100
71
1500
86
2637
1890
1944
175
551
319
71
1843
103
109
1906
493
1451
1960
291
457
386
695
495
163
62
79
2897
288
247
227
1083
2533
2741
840
2330
227
215
49
41
5000
1649
2675
701
123
193
59
94
257
1749
314
246
1048
416
39
65
356
1273
261
80
104
173
153
2145
258
121
147
2238
103
46
1486
229
124
184
108
80
155
61
137
113
511
1915
567
158
419
1020
64
209
166
118
120
281
167
190
121
408
56
246
272
86
241
734
2159
967
144
3719
658
191
2839
453
885
1728
99
613
2928
934
285
1189
145
70
2546
299
532
576
157
85
876
431
42
1058
108
39
48
49
43
145
68
167
327
147
353
146
129
149
127
141
557
158
63
686
157
38
280
97
908
4969
3199
321
2272
115
3205
651
268
1502
569
326
687
100
75
61
150
35
386
2428
55
127
57
82
276
1436
321
1087
570
29
61
85
102
81
102
87
215
188
1042
3565
2763
2995
1009
36
3828
2646
137
325
1547
1258
206
81
405
670
238
4741
4283
220
372
4447
386
241
507
2207
2945
286
1726
82
556
1699
640
212
2718
3681
171
72
649
131
1609
1404
267
1918
170
176
245
676
108
467
2050
204
88
203
120
5000
131
2652
1147
201
144
226
80
96
1803
275
100
226
183
309
216
100
355
340
68
81
3638
88
457
112
203
263
178
461
383
114
1552
880
171
266
4182
205
421
1087
1995
2672
33
525
165
3756
1093
356
715
398
125
93
620
341
3294
1798
74
4226
2217
4741
2000
1145
836
74
587
611
83
100
460
108
280
77
1181
308
122
247
383
3633
338
3107
3500
2407
2889
3574
193
2086
2358
216
3058
578
296
1329
1232
1091
202
413
1474
5000
225
2327
663
1130
241
451
3404
608
2799
458
1235
2142
290
2549
1332
641
2166
2152
1859
1672
157
928
2125
1995
1000
641
1750
357
58
3433
2112
2975
2895
607
670
4095
968
2535
53
2224
89
3300
2948
152
79
141
180
378
144
1544
2638
2239
3169
90
355
1744
1743
2593
2016
357
184
2521
251
341
126
2910
1761
3190
1349
2994
255
2439
1964
51
2356
662
2418
185
1957
2804
2915
2440
3203
498
194
2394
2970
2722
1528
832
931
3400
3683
223
4000
547
744
1675
664
1149
339
2409
3674
653
485
2238
919
2889
2863
3027
1346
2549
299
2898
326
466
256
757
2264
2663
2939
709
363
458
249
64
306
437
3443
202
294
839
3034
2815
1262
1926
187
481
286
366
350
2239
2688
70
2832
3458
2448
2195
21
399
694
3045
584
1838
5000
130
2343
351
194
1849
2764
3244
1652
1974
519
714
2988
644
605
411
444
128
1611
323
559
1136
3206
1907
3239
3459
1910
230
2053
1499
2970
215
1498
3117
2865
2371
2257
346
102
246
74
662
100
480
166
323
922
264
698
2018
1878
341
146
384
1017
339
744
478
2482
181
2657
2034
1137
113
2518
406
339
179
273
741
1395
253
2496
479
176
428
3367
164
133
16
307
155
350
340
88
176
61
491
714
443
270
1656
136
1268
55
330
535
185
219
2345
405
2067
60
86
4642
110
64
349
16
2324
2744
398
425
2749
497
4268
1121
776
112
119
482
408
289
396
60
145
327
361
58
611
417
981
118
289
506
2840
666
366
196
108
169
121
102
814
125
207
43
4838
256
359
484
699
3631
357
1114
183
2878
1275
743
153
205
144
1046
133
1401
59
1367
60
48
799
141
475
2495
3783
469
1054
1494
72
268
799
13
55
30
205
109
67
46
157
365
107
120
3111
398
320
387
79
44
69
1061
211
306
343
1969
648
433
2972
1462
1116
221
173
1995
141
164
341
113
115
110
33
276
297
157
1934
521
103
153
320
526
253
120
1634
202
73
1900
178
293
2603
565
2077
243
307
100
287
380
291
580
1293
274
228
272
185
1099
495
640
251
140
179
714
147
93
111
268
221
174
1366
446
445
691
246
350
168
596
324
260
71
1257
121
144
271
381
1410
673
2293
377
1427
55
99
206
753
1278
206
180
476
107
2412
1658
367
395
449
289
346
237
1708
172
1515
1296
263
259
353
487
120
598
1230
283
490
2626
416
524
252
354
187
636
151
196
893
330
142
112
115
2496
2529
98
185
151
1248
100
432
616
496
496
2810
398
96
1999
1138
370
1139
680
1490
236
2710
84
89
2231
402
962
917
100
185
1940
1157
595
407
114
640
1047
490
334
344
447
777
117
117
1428
144
458
375
225
324
215
4000
1106
2411
3200
411
125
2757
1824
268
634
307
100
1896
2004
506
1735
954
312
209
139
357
277
1190
802
99
325
249
315
139
112
343
447
1399
2557
89
348
127
207
3566
326
1730
625
349
208
72
196
257
374
1797
255
55
833
936
173
3010
191
143
483
450
115
235
1191
506
502
104
340
130
941
500
947
23
163
273
114
200
168
303
126
98
183
87
230
185
228
101
100
72
228
214
100
1268
494
293
105
1127
3105
3483
891
422
936
266
60
15
112
2184
3043
148
121
240
204
136
127
1109
1964
579
154
3000
2298
354
317
193
105
70
205
100
167
199
113
860
3972
194
2167
488
542
294
297
52
136
383
350
526
378
766
46
345
2682
491
1103
1060
234
292
2028
1999
200
341
948
366
535
121
542
212
1033
992
160
273
305
120
78
132
69
1961
629
1582
340
2835
265
2194
1064
93
624
145
279
546
558
1225
682
1829
1324
1497
79
249
355
900
159
1969
133
363
408
369
1320
1340
308
41
2304
51
2469
814
1152
2472
132
51
1356
1601
1733
545
85
280
176
934
147
1920
2148
61
223
264
329
1208
1564
3035
1076
1663
299
2786
500
1453
51
151
280
347
1726
179
1475
535
408
2414
2024
1131
1000
1421
623
211
286
2910
319
2293
650
1379
383
287
2900
43
1831
1175
3659
164
528
100
632
3053
1921
258
1353
2705
433
1748
2110
891
345
244
304
301
3664
69
229
2225
4110
453
273
408
560
149
116
1053
1271
1306
602
699
892
922
2127
514
972
669
955
201
1197
859
101
99
123
133
603
4875
3563
268
249
677
217
76
61
44
762
879
616
524
466
186
686
372
317
566
1139
621
323
1400
408
120
491
560
113
387
1281
207
1319
163
260
228
625
417
2333
415
2470
290
4143
2213
83
505
966
203
62
827
3551
19
14
1306
53
2575
3514
130
436
1207
4753
1434
350
60
89
3248
312
128
1068
3122
2649
310
1275
328
230
48
451
144
945
254
106
172
264
2681
199
74
353
702
575
3350
1833
382
235
381
2425
684
105
356
106
225
2842
725
163
81
127
2716
679
347
212
139
66
258
484
2757
2845
4673
684
992
362
2145
629
617
1569
57
64
197
362
1797
457
1619
601
214
352
417
119
433
185
1793
617
509
2026
1012
373
519
305
245
291
709
4227
505
621
1522
653
330
213
1767
378
2263
215
768
1698
154
2860
340
900
4817
548
98
1243
933
2026
384
1483
175
100
92
187
1340
123
448
2066
678
1377
856
3225
297
2977
1965
69
364
247
4938
209
182
451
2813
338
528
4269
200
470
569
3945
388
100
920
1222
766
1257
294
450
320
363
192
249
401
100
201
1160
623
225
258
4337
504
1152
499
232
273
30
4294
553
274
897
196
80
176
1301
736
472
510
341
127
152
739
2219
246
428
357
73
338
746
900
2247
258
474
177
614
2039
543
89
475
115
295
725
433
283
303
132
1137
420
324
50
1123
609
227
323
584
838
1189
4559
1000
649
2393
2411
173
3030
200
178
674
114
110
2873
464
2024
274
2518
226
164
501
2328
239
660
2964
1261
602
349
1369
545
2938
229
1484
494
1077
211
68
178
2155
324
483
47
100
67
279
378
296
613
343
149
111
89
100
86
194
113
230
191
971
348
55
367
173
3145
230
1378
1996
1299
1916
65
134
591
107
144
34
264
338
802
302
100
911
4412
276
297
180
111
30
562
282
246
1116
299
517
577
2465
618
639
358
1056
107
54
585
288
372
712
226
426
374
573
1711
100
242
3091
144
2468
1056
2659
238
72
3773
395
2294
2664
1412
1260
581
166
1205
455
344
86
546
386
124
226
3602
313
521
608
440
1704
56
606
162
451
151
574
591
106
86
1898
1377
444
141
2399
140
626
48
112
132
205
2366
104
235
163
962
147
365
1751
2848
488
600
548
317
2077
128
780
523
173
1751
909
35
180
2332
81
1533
84
54
3358
378
61
82
105
140
157
2059
530
2767
479
124
173
73
609
517
891
156
1713
1073
258
587
250
117
571
918
192
166
61
1448
645
1053
2782
4031
2940
2254
100
300
189
191
821
94
2500
1383
1460
293
859
454
721
2520
2727
1558
56
107
375
100
74
44
142
174
267
778
537
105
280
535
85
93
1260
300
154
119
108
589
60
353
69
110
57
740
307
349
46
1409
802
1946
1975
780
557
366
717
70
354
2231
80
304
29
267
94
72
498
128
206
1073
902
3712
127
1717
151
275
910
2966
167
275
73
261
4000
2044
221
175
110
882
4448
349
389
1054
366
2575
138
105
114
569
227
496
194
41
2323
1124
664
637
224
532
238
425
742
1326
1935
3612
1504
55
383
94
456
132
123
1053
537
189
260
1635
131
100
161
390
339
3406
1609
106
161
291
15
955
77
398
1380
231
600
65
101
158
325
118
134
1101
2493
212
671
125
2721
181
4093
192
588
255
299
536
105
189
48
2881
248
200
605
1081
116
56
417
577
228
202
822
184
15
1413
919
660
161
123
735
220
49
168
374
1305
197
64
663
403
564
450
100
416
677
890
1798
55
130
4137
500
240
2374
821
15
147
573
1392
744
486
232
1114
948
56
481
335
1554
125
269
1619
164
735
934
125
43
1998
76
118
897
205
149
30
270
201
81
108
83
3358
52
476
493
408
111
360
1642
181
1061
342
144
475
2865
442
131
2604
63
670
212
91
1773
189
684
1280
177
41
884
221
310
367
3390
86
2482
702
1825
1917
3762
2953
813
999
650
319
153
312
248
53
2359
3084
510
695
405
409
374
144
1256
147
498
547
2998
2840
968
288
133
542
802
838
519
2372
267
2491
1774
394
71
1192
206
173
710
2626
3727
2399
877
164
310
450
2761
419
512
439
119
1918
1226
786
500
81
3500
165
242
91
414
389
2209
4154
83
1285
2113
92
212
266
3007
122
870
326
905
1673
1629
58
138
2738
149
3654
283
756
1416
3168
126
2533
296
64
121
473
38
2119
83
227
1465
80
1648
1098
151
279
66
136
265
232
1806
1337
4585
633
347
1655
98
1600
437
163
1721
1599
1059
353
100
115
184
950
214
1420
273
124
338
408
260
547
687
1152
324
633
279
472
407
401
629
789
210
314
380
217
289
252
780
666
2915
589
200
175
774
598
2351
3959
105
523
244
1886
401
489
865
340
207
149
835
44
141
98
90
150
281
484
1500
316
681
481
100
521
77
221
443
149
263
425
81
118
241
777
372
318
178
400
379
2974
436
666
762
1279
1552
3659
684
150
1830
78
2430
390
1008
132
665
468
186
375
1108
85
296
299
85
207
1403
795
197
388
919
262
486
93
581
370
533
575
1314
100
327
143
129
62
155
344
715
524
2461
178
195
264
431
1832
641
2835
1552
266
153
601
304
120
300
105
504
2272
250
573
87
2868
1400
660
169
263
345
296
223
441
638
100
2920
2064
2464
283
678
4951
520
132
100
74
97
680
100
191
95
356
4552
58
96
845
152
425
636
276
137
214
1440
448
4357
737
697
58
412
485
156
212
465
322
1389
201
1258
238
101
57
1027
2968
812
4695
78
243
2840
1976
749
395
1813
1460
96
204
1234
146
1376
633
375
1061
4218
81
277
301
189
457
672
303
151
433
114
287
698
3214
424
668
2177
2225
132
2157
637
179
1032
34
67
488
143
569
441
255
349
268
146
2221
274
129
724
678
557
369
545
130
527
509
165
290
257
181
100
287
158
3928
766
422
326
219
1382
250
331
4088
1500
131
78
1118
1536
300
52
193
450
392
559
666
227
535
34
320
1408
414
148
1382
33
51
174
404
189
91
2296
68
1307
1028
88
216
106
2431
76
237
475
490
168
1677
959
348
230
3308
920
230
234
57
241
358
353
4532
23
894
437
163
795
2108
246
45
318
356
92
117
83
275
95
2094
569
558
260
3077
242
147
161
807
647
165
494
131
248
125
239
20
157
168
473
1782
500
728
23
347
1078
157
1616
114
397
504
131
1911
169
259
124
462
101
87
921
1120
221
145
203
139
132
77
614
158
417
207
82
32
2435
2524
61
219
55
2354
95
2287
400
131
2254
127
2667
294
127
80
60
3500
1761
1657
1207
729
233
806
275
207
403
2971
767
140
114
3162
509
1447
662
150
462
240
115
76
855
1757
89
1849
87
534
175
3208
340
2464
212
147
3375
427
243
586
3631
667
1975
2211
486
2573
325
100
391
113
412
101
185
263
52
316
2534
930
61
216
1660
363
313
1385
2982
2097
136
2967
92
4856
3237
32
2574
37
809
261
499
202
159
2842
583
163
637
777
632
1609
602
1141
616
239
884
3364
313
238
246
156
1656
1677
319
1783
281
405
84
1569
462
1500
599
432
129
954
2443
899
150
186
155
546
293
934
567
96
403
2240
2289
278
115
234
984
187
973
713
1065
550
273
226
2773
1076
1535
1862
444
1537
538
199
290
17
2716
83
101
929
155
629
98
251
155
45
198
989
180
312
558
1542
1035
211
370
569
113
817
62
156
907
499
100
738
421
377
63
1910
407
314
655
2905
2629
2775
497
294
64
151
346
318
209
122
297
99
427
1484
350
172
280
499
86
4931
1364
1771
500
2874
258
1944
179
229
3287
2513
503
554
69
2237
547
121
346
1878
309
496
931
2029
705
1013
663
1913
213
161
153
393
441
328
110
377
100
570
956
579
429
2474
1154
217
35
131
190
139
1813
1910
164
274
624
1240
66
183
335
192
247
175
374
2028
230
96
2271
124
98
380
566
1353
313
83
59
1587
110
374
70
516
339
1390
185
1409
2916
2386
423
511
320
364
1000
674
110
1887
2894
115
479
570
248
1579
158
235
410
114
247
660
92
3783
339
445
100
1327
430
190
188
388
73
615
133
311
154
123
196
439
308
707
790
119
737
514
410
355
207
536
954
1745
213
80
353
513
421
494
500
1912
3278
503
606
368
2304
464
1001
1387
3855
133
927
1547
872
106
1487
601
1202
380
364
62
269
274
532
508
221
4770
124
64
87
1833
1142
100
254
3035
563
147
1231
1482
118
73
118
321
169
249
219
284
213
1047
214
696
446
4327
101
1492
1343
71
330
2669
384
301
151
141
954
3504
243
241
149
85
2656
790
132
102
829
455
1376
120
342
287
559
1805
127
75
2143
1001
957
2594
972
100
1110
145
218
59
196
343
270
174
73
684
2367
884
86
825
65
169
1053
4766
509
2044
95
2857
227
1047
118
167
175
114
3000
2822
504
408
223
2717
162
218
139
393
340
186
299
245
207
887
179
675
146
274
950
217
125
95
123
218
548
78
329
2891
503
3929
122
124
1698
265
490
2048
526
780
565
576
216
694
172
202
292
181
1002
625
384
144
90
133
161
328
36
69
81
1353
426
306
776
90
463
1817
388
2865
288
655
179
327
2440
399
79
2557
195
1288
160
121
177
176
437
3083
72
26
134
367
222
292
454
173
62
267
75
2282
1591
192
119
91
808
45
547
418
634
391
3472
607
982
422
320
133
1537
955
2689
300
182
115
570
1141
2772
89
214
121
154
1802
124
135
267
100
636
4419
166
131
2929
135
67
460
365
823
354
16
590
4722
2755
208
500
143
161
349
306
212
2775
93
570
82
65
417
873
801
122
1142
1247
2533
66
4000
81
174
21
427
740
115
1729
361
2604
198
855
534
246
841
2201
863
23
3524
3026
612
1043
301
83
561
561
955
253
345
1125
137
56
964
243
250
346
603
1001
111
2055
2879
1609
700
694
1483
1289
1661
53
819
442
1839
137
1020
4033
2672
1959
267
178
197
1129
1089
2597
120
1181
348
536
177
70
2265
100
1033
410
2445
2298
519
840
321
494
547
18
100
723
163
273
513
596
22
2695
242
1377
1424
1334
32
318
2584
141
197
415
445
2238
372
265
67
724
215
47
491
671
570
2060
1139
73
159
192
1500
160
5000
120
301
214
98
1228
3626
157
116
1525
688
158
2830
119
292
1146
573
1833
3608
100
78
42
2953
491
253
103
127
1839
1447
405
110
1941
591
1039
831
526
4896
900
133
479
330
481
595
2375
264
201
15
144
1751
921
2500
2994
989
637
1723
86
128
1473
1353
382
2151
201
184
100
710
808
1112
132
77
496
252
204
117
1576
142
209
257
384
1896
2515
1691
100
389
1100
916
229
1815
91
736
74
974
1417
1190
370
191
231
138
1144
132
1721
1002
217
584
2492
50
702
2123
2670
1500
130
118
53
102
939
95
1081
2309
2675
3507
329
16
139
600
170
530
50
152
3929
2999
728
1163
1162
96
743
1809
294
280
141
290
251
149
3338
2997
66
2758
485
3260
3320
2924
401
198
122
275
2317
2767
191
1055
1874
615
193
1187
1723
64
2465
425
2710
1598
173
140
735
2175
129
495
3792
2260
2077
82
2688
55
160
1716
1448
708
105
248
230
2429
333
319
78
85
407
1364
403
38
50
660
73
115
199
106
71
139
721
455
50
73
3679
868
289
4908
175
974
203
501
199
66
327
2233
1083
216
30
500
187
294
371
2385
1439
325
156
186
37
55
239
468
214
1118
220
417
1091
266
100
990
368
3090
2104
98
31
199
2991
70
458
238
738
346
366
108
340
2584
41
151
149
773
159
1907
137
1074
87
1337
656
1295
213
307
250
36
238
130
760
2086
244
359
477
332
2521
361
1273
2408
30
676
80
376
308
320
159
2874
4933
376
230
199
2818
135
1561
203
65
204
1264
2693
1613
153
464
459
413
508
142
286
318
2498
87
2788
2935
77
37
22
471
300
291
278
1167
1561
1411
912
1616
2691
1363
1664
156
133
422
271
308
791
1048
81
408
65
51
399
766
568
537
676
1235
487
133
578
87
2001
3213
126
396
1565
609
85
116
352
282
86
2030
347
349
304
332
29
349
473
238
2953
2000
229
191
233
438
2947
2429
103
556
434
379
2099
1513
1063
1570
2551
113
3054
946
3643
417
2463
67
648
185
93
1934
2591
2204
574
436
1284
2648
400
395
1102
2683
78
378
417
2664
149
475
943
1717
465
512
320
2657
4517
2923
939
167
253
3589
446
2866
130
58
2533
88
124
106
2480
386
276
1392
3023
68
354
233
929
348
2134
2312
416
695
45
200
203
384
1071
192
912
553
276
124
536
38
255
67
119
500
144
2256
260
846
290
615
95
2223
111
63
18
216
147
126
65
87
730
140
1114
241
544
3156
293
186
435
167
307
290
70
187
2333
30
70
632
216
1582
102
1628
661
571
145
323
56
151
468
369
980
1985
618
542
408
1964
648
67
185
326
857
612
1567
2000
99
5000
2346
702
129
100
371
2690
228
329
4432
203
217
382
1313
195
1052
2472
741
733
419
648
500
222
579
1630
64
246
635
389
601
458
564
2967
147
374
280
798
192
2804
59
1348
499
447
2859
199
576
958
258
400
195
100
330
100
2271
2314
84
2968
2332
2987
379
191
1031
1005
812
223
264
4787
351
1660
108
122
1471
133
109
201
2883
770
1169
1110
308
102
297
220
205
749
55
3862
243
604
1308
290
559
113
47
263
496
308
147
480
543
799
1838
177
273
453
560
662
88
1211
53
890
225
1091
457
367
1330
287
624
548
55
2755
431
565
463
614
704
931
452
887
383
1387
199
156
183
271
2178
457
558
198
3635
92
806
1928
137
4469
1340
236
27
1418
748
2850
266
137
688
376
623
334
2101
2037
1414
1673
294
360
877
715
2705
81
528
497
267
528
726
2743
450
602
802
900
305
242
422
39
296
3448
2571
4724
118
100
313
718
1792
3000
846
414
1522
2969
1835
245
226
3486
169
121
871
179
434
100
811
1937
203
878
2737
1036
139
46
304
2950
2179
1004
2814
169
373
311
641
446
319
938
1000
160
126
2740
2027
418
411
101
3461
516
16
396
397
118
361
445
130
146
532
1000
1876
123
245
398
255
156
500
2197
356
451
441
432
444
718
1440
196
80
566
2165
243
371
89
220
298
339
272
1645
210
66
853
1659
1081
965
74
500
256
346
182
2807
423
196
31
249
859
1014
184
899
1602
15
704
377
313
2533
564
383
2261
5000
936
2514
1381
225
578
576
349
294
601
91
257
318
2054
3111
1316
1141
1933
3195
3162
240
111
358
107
1185
343
1985
1103
2902
255
732
243
218
4812
1233
191
196
162
404
1209
92
170
2858
112
645
208
393
1749
631
933
1813
402
472
107
1102
825
179
432
417
327
4674
748
3825
1409
712
132
842
787
300
275
554
401
70
486
63
375
181
750
1749
100
882
24
386
1375
278
3347
669
1031
625
118
302
146
518
61
1582
442
2584
2763
131
301
15
71
227
367
129
123
4896
2257
400
1657
2914
397
1653
128
603
500
461
284
420
295
2711
20
2285
2940
554
126
778
4471
134
315
342
1751
1976
2669
430
61
365
941
273
167
268
732
404
359
225
211
230
80
158
144
201
240
269
1343
2582
54
227
783
476
155
151
596
83
381
158
62
134
600
1304
249
198
466
217
81
985
1050
659
1541
120
651
101
489
754
722
58
1687
281
501
1560
169
254
472
2601
455
617
190
2481
2889
1278
240
404
1011
147
1826
532
445
844
140
290
2878
283
112
418
3456
217
59
693
34
1026
995
153
538
3517
80
2193
140
188
241
76
121
588
1408
2619
132
320
666
75
182
179
584
290
110
129
242
125
370
102
76
361
545
781
256
685
137
272
162
376
224
60
493
607
97
1177
2399
33
925
255
688
183
128
400
2663
97
154
1087
157
164
131
276
190
173
106
822
356
2961
2864
171
171
2919
214
283
366
1126
173
220
80
205
80
770
382
131
210
1744
1246
2626
249
565
124
255
158
420
440
1599
2832
3535
1661
1164
1068
639
166
346
2976
521
659
116
1061
433
1783
387
273
111
618
880
657
53
846
253
430
574
206
2041
2380
1074
290
39
379
416
149
310
2785
278
929
203
2666
71
91
58
1935
81
100
384
3597
334
730
2666
281
95
237
565
2955
60
200
329
112
127
3123
3500
369
1049
2154
1001
736
354
816
175
689
2878
311
234
1475
1300
415
726
58
2940
1699
521
408
2204
2491
463
183
83
39
55
1454
768
625
155
340
2080
74
400
337
640
720
133
94
202
64
499
1287
340
3055
1218
118
331
65
1109
2946
67
77
2132
745
736
252
97
216
172
127
1126
525
584
4000
1034
27
1356
574
2193
2593
108
1678
583
62
2873
1203
245
1707
392
398
1500
337
739
106
882
1854
235
1623
2143
460
2167
771
164
28
204
243
311
412
516
141
2825
2044
2426
685
542
1424
209
2539
1479
374
573
88
305
119
351
3486
96
175
1641
275
661
216
831
91
204
2447
260
2709
25
330
452
294
827
2500
201
305
240
272
2395
2595
937
90
89
265
2503
252
457
2702
959
88
515
640
677
2118
186
2678
251
43
262
1910
2973
322
88
190
942
574
1972
118
47
225
1580
2156
129
243
2652
2005
396
214
65
802
449
4398
230
2214
3747
306
134
174
114
4469
1913
44
91
2815
2204
170
814
93
831
766
585
2217
342
308
500
1641
3166
991
311
1189
678
444
50
44
2411
1600
250
424
195
1286
1155
355
257
1733
517
3569
312
2353
3967
151
1345
537
756
794
620
67
4000
2238
1398
75
3718
399
3122
802
2216
756
243
50
2410
337
125
96
63
200
158
67
4056
734
229
193
300
427
397
287
1514
462
215
295
156
1589
215
766
126
317
1037
326
1046
81
399
55
225
115
240
108
427
225
77
152
1916
158
294
67
2825
672
3473
774
187
71
345
1916
587
244
2986
109
108
1492
450
833
3113
929
441
159
1073
887
139
118
395
234
78
635
498
1477
196
278
720
393
55
3095
2232
602
67
2380
2641
887
3500
100
779
423
395
2790
4251
4000
78
101
256
502
1739
898
429
108
883
183
81
5000
2625
181
2747
98
1923
385
49
279
86
406
226
1799
199
2261
2397
190
54
160
572
452
599
178
57
90
222
263
249
2487
162
3040
76
539
92
364
159
1435
697
411
354
2683
134
1126
790
1084
141
14
20
2078
122
2003
1470
1946
330
1836
1465
312
825
206
2957
4537
1338
514
146
825
1206
119
1647
457
1419
170
867
193
73
845
1028
2769
186
121
250
169
143
630
103
282
64
231
398
181
104
18
165
1231
2584
91
2125
184
233
498
2572
3386
321
347
83
4889
515
2282
114
153
1168
1819
2456
2097
405
251
267
194
86
1023
1983
73
68
49
81
363
571
1936
322
228
559
884
241
106
68
475
420
371
5000
239
2609
776
3119
1326
89
380
2463
908
166
95
531
309
751
66
3299
808
2756
237
548
218
116
391
181
398
1435
336
363
193
161
264
3708
2742
197
463
4805
516
294
616
387
4514
59
65
310
770
400
2755
214
705
145
579
53
194
219
597
92
886
81
611
4364
327
235
309
2852
82
1970
299
299
1959
962
363
938
3022
161
349
323
109
732
681
2525
1506
337
2098
967
631
317
83
112
150
100
608
480
2304
650
677
288
323
992
2979
282
151
621
122
350
2182
913
99
1304
188
266
258
1318
1193
293
1077
312
1276
664
949
2563
159
200
443
195
3500
686
467
509
2227
411
548
2960
500
625
78
382
835
143
688
2237
4975
2342
81
1830
617
497
195
183
1860
137
335
315
2049
1578
501
168
117
742
334
444
102
699
131
188
80
239
612
1807
541
1617
101
912
783
460
541
5000
2883
1885
462
239
294
383
342
2775
2816
401
87
416
434
124
844
100
4696
1180
134
1115
4749
141
454
279
249
448
474
1355
39
57
626
4249
1883
178
618
509
309
339
178
36
948
94
183
283
511
305
178
593
292
515
323
94
462
136
615
217
668
127
406
174
1323
749
52
233
98
153
62
434
104
2773
122
212
652
920
786
122
500
2903
666
615
578
316
302
1290
1360
438
252
884
200
373
239
309
3500
77
542
1206
182
87
631
141
203
164
467
155
232
2960
127
3887
821
146
222
693
279
2150
451
160
140
682
387
198
1405
391
191
243
2872
1253
100
446
78
162
57
1176
2855
578
347
1641
578
179
501
149
313
378
61
201
2284
63
536
413
1272
76
491
263
249
118
1904
413
266
1025
921
491
424
531
200
416
1966
2384
163
1310
102
5000
2792
164
3389
95
334
2500
435
2458
835
382
100
1547
117
2613
131
267
463
3545
434
305
192
58
250
514
697
291
1287
166
1335
3390
2262
2058
113
100
2020
179
228
68
273
193
2925
917
90
2337
107
118
131
302
128
100
839
455
186
400
145
1204
1214
2976
401
745
4819
156
176
305
3798
1015
113
1495
1028
94
850
146
218
800
1119
368
295
87
242
81
424
728
158
1062
759
121
259
627
3141
164
966
547
79
544
154
2628
1390
1681
199
540
536
1111
843
555
451
2829
294
567
410
1730
2000
580
4872
2416
167
129
411
2658
2136
2933
1201
154
275
120
1100
400
2943
60
129
212
2565
337
656
1415
4081
495
205
1820
162
402
1307
320
151
430
142
2957
1755
1845
1033
126
1953
336
73
188
336
1889
2686
812
114
3398
2241
388
1973
939
1842
1149
213
74
839
461
2367
541
330
179
289
397
909
382
405
1054
149
689
107
1085
162
2383
202
173
252
382
259
332
739
558
184
1500
398
165
198
4436
279
411
846
683
311
461
542
416
697
202
3547
2316
452
390
366
383
2798
1533
2532
586
125
311
2888
634
1014
392
1363
132
1724
287
362
347
2980
1646
157
423
190
282
239
182
325
566
80
2162
72
50
347
140
70
117
1211
2612
844
254
115
104
212
351
2239
30
232
978
1282
1058
1728
140
511
140
131
391
2201
122
234
584
281
154
69
165
532
336
198
121
2767
205
89
100
498
82
387
93
308
334
187
1742
139
1526
991
154
1237
790
4832
2934
436
2017
2691
1358
195
596
3422
698
234
1346
825
445
158
4500
184
1270
1353
593
815
918
94
72
177
626
1569
272
389
156
314
940
5000
207
254
173
131
763
111
210
213
267
101
2397
281
1810
343
4942
334
121
198
264
228
489
614
303
499
261
60
183
669
821
56
253
1367
889
1543
790
238
2716
229
959
1089
1581
889
2759
391
506
220
69
494
363
559
75
137
594
1100
412
528
908
280
1499
3975
79
285
249
318
315
2140
2566
64
450
204
266
1021
531
792
527
2106
1203
2000
163
499
165
313
309
988
77
139
209
1333
118
583
2202
84
321
440
93
647
1450
3770
2665
251
2810
4771
179
2840
116
90
1312
266
108
186
329
2283
1176
2476
3293
1715
1069
231
90
263
2194
625
299
504
435
522
869
294
160
713
931
3538
421
286
454
108
734
277
568
969
1092
147
213
816
761
442
928
245
70
4795
500
244
349
249
135
903
262
203
264
157
96
114
411
446
89
368
2060
333
1374
471
468
205
753
97
83
2037
1054
90
221
3541
994
695
2141
88
431
983
2862
480
4506
1696
65
190
203
1978
2075
2052
1010
240
1888
71
1164
195
227
1109
69
1846
100
4647
306
131
403
960
1983
1038
4054
683
173
345
2800
451
544
36
470
522
254
77
126
1620
1287
1038
73
2474
371
3933
76
126
66
229
137
520
43
418
222
728
4369
303
1108
84
375
1242
351
498
224
2826
500
1017
160
1840
253
101
341
631
75
293
149
71
151
169
155
1609
159
1743
1758
1026
126
65
2056
134
2095
172
80
109
108
220
282
293
281
151
548
1550
667
1158
51
294
231
1195
620
87
123
1175
329
639
2196
2828
372
498
594
94
1623
514
1244
429
75
314
1929
256
891
838
1025
111
401
112
1852
856
442
645
613
198
699
2119
1158
3104
339
211
1098
788
172
15
334
180
3535
2168
64
2134
1517
299
564
133
124
1030
86
4218
100
287
2340
3000
449
1190
241
187
877
602
149
665
2418
2230
111
66
67
264
487
2584
415
570
254
143
452
404
80
65
224
292
194
730
99
2835
186
2552
479
477
329
681
1819
400
100
2128
259
155
1193
625
133
185
1947
40
323
2766
157
121
287
1262
69
185
2085
423
2550
134
339
1149
266
373
313
1107
2017
140
693
283
937
821
1021
80
213
348
74
462
564
202
98
228
437
827
489
268
2769
122
373
959
255
517
367
499
1177
116
179
371
1420
712
296
2946
2006
371
96
310
1999
1469
354
663
200
934
51
489
1648
138
2304
348
100
69
725
2176
94
510
237
584
420
313
2986
149
245
2109
385
506
1407
2722
181
894
184
487
170
494
278
466
2527
344
849
100
86
451
60
336
393
287
58
460
61
1354
790
2957
228
364
481
105
121
144
306
1978
254
601
2731
968
2901
598
3102
115
80
127
228
386
244
295
644
201
2671
2169
2255
948
1254
323
275
2342
466
324
2778
419
1240
176
4081
861
3589
851
498
748
137
557
397
288
777
409
133
349
172
1684
322
1330
815
2833
325
893
264
196
4155
500
392
266
256
646
1245
469
182
1152
225
121
1839
125
595
518
228
515
817
216
1698
128
75
107
642
748
985
347
2986
352
3000
229
361
273
69
1432
2606
3005
142
500
172
3191
291
2389
1969
559
731
964
171
421
290
2763
2697
41
2182
638
238
499
92
1059
786
345
1458
3082
2611
2289
1175
456
191
100
193
1693
100
5000
5000
3198
95
537
2961
151
111
1150
138
361
1885
267
167
2586
1140
302
695
1253
1412
161
93
420
287
883
97
179
352
64
332
404
2347
166
203
1391
446
98
338
141
608
1150
3326
136
378
2548
320
99
1526
2048
148
4697
1933
347
631
124
325
82
561
302
638
1222
87
156
2348
285
1474
2938
880
575
1742
524
166
483
394
898
200
334
380
113
83
182
203
249
577
1221
1215
163
163
232
135
146
1721
768
2455
817
83
768
1465
2366
684
587
198
631
222
201
181
258
122
202
57
143
130
1811
111
89
1025
96
92
78
1357
2257
556
461
198
613
136
618
45
72
3732
1771
501
135
178
1461
287
360
355
198
2458
437
662
959
1644
1000
216
319
1033
272
303
238
717
968
145
2343
3575
464
149
1854
358
146
1730
2909
1196
499
482
2415
898
232
611
111
515
27
3364
3288
67
2716
963
1231
1569
1681
2606
1164
138
2042
207
452
2235
148
420
63
514
857
296
660
612
138
1316
419
278
936
85
661
598
329
392
526
485
143
442
234
1808
213
289
500
93
1504
1500
356
1180
2769
118
155
450
500
897
1791
3661
1986
2192
172
207
89
168
674
583
77
2978
2574
260
115
2423
802
1527
369
409
1526
677
3451
167
130
1956
1991
169
124
2104
949
436
138
391
233
292
349
142
96
260
196
1789
412
105
1281
665
1816
271
241
267
189
188
94
35
116
44
165
253
261
363
576
395
576
2799
205
398
81
553
120
197
87
74
101
225
856
210
366
1098
606
285
127
169
641
146
565
188
99
261
751
675
117
339
3639
167
296
221
87
38
1103
188
2372
4999
664
54
2568
116
147
136
2079
57
104
572
1019
296
131
4071
124
120
466
25
939
151
52
1643
174
204
738
55
284
500
257
382
1475
1760
3223
221
147
115
1894
966
238
479
65
201
142
171
557
102
81
1192
259
50
1782
1077
3535
433
403
27
365
1140
135
1069
76
73
2975
637
1516
484
224
101
1239
774
610
2580
47
251
337
1852
179
119
105
2466
125
793
366
114
2556
1890
1008
514
239
197
942
2918
1707
100
2124
900
3193
313
946
1820
2710
116
744
1802
393
140
389
2487
2611
487
2386
1410
248
279
89
88
203
72
118
68
352
2088
327
291
321
2883
2522
1956
203
1327
195
1274
732
148
240
743
1104
140
517
422
1650
244
4559
1580
613
37
181
516
1229
870
2039
116
205
3198
2271
1185
1525
967
580
1005
2923
222
89
56
1576
138
141
101
60
449
237
820
426
150
108
195
290
41
2048
336
181
324
76
521
590
460
376
547
157
234
118
286
57
461
535
220
2349
284
100
119
2478
765
215
119
140
232
466
269
377
97
2482
64
1001
69
247
112
343
2683
471
122
103
61
200
166
735
56
146
223
162
498
271
235
1320
598
78
501
95
231
2562
426
219
46
64
848
200
353
449
96
281
1133
58
80
453
69
1391
927
533
1893
412
1448
2843
129
228
199
872
54
1306
2255
101
103
647
2248
770
2780
58
1401
214
235
279
113
391
453
197
411
966
107
114
284
2073
2289
384
320
1162
49
224
179
255
726
258
346
573
293
403
416
70
184
263
1717
198
311
86
405
845
92
564
240
1290
194
736
3500
378
182
107
1585
471
376
880
1032
72
361
123
329
193
521
223
68
141
2733
928
305
88
2643
184
80
186
189
65
19
4493
1256
169
322
255
109
70
239
103
17
163
650
161
149
352
52
1838
55
201
1180
805
3000
185
2090
163
148
1183
56
367
15
127
3175
186
350
574
2241
172
85
2186
317
307
115
1912
220
403
69
24
370
297
2647
165
735
114
120
294
688
352
237
2943
315
249
948
486
301
22
200
139
162
3866
500
117
172
399
2344
332
74
1276
194
307
503
113
130
426
153
192
68
226
723
199
125
125
147
446
39
797
239
85
93
504
2936
803
443
58
119
365
229
39
143
48
687
334
148
407
39
317
158
31
325
1985
387
142
554
142
128
939
77
163
599
457
2461
1663
1339
1192
231
3192
4254
289
83
271
263
704
176
880
304
2318
174
803
425
88
96
222
1957
355
160
237
60
188
1986
2918
66
355
63
171
1929
1573
290
100
277
100
104
46
674
455
1941
1000
583
141
543
299
46
285
166
2058
34
197
72
83
182
66
359
797
1500
344
2364
3300
21
20
307
91
791
1715
232
720
471
877
709
152
202
96
132
551
103
1045
177
359
3892
408
615
418
427
1781
820
669
1621
547
152
2884
168
819
291
659
84
2000
82
32
654
633
447
293
148
2947
460
1033
1095
49
1563
88
1874
265
253
118
115
725
993
122
1583
704
144
406
310
2213
356
472
903
119
757
3950
1993
980
63
415
4062
606
120
298
235
132
496
93
120
3294
1403
100
3370
2500
2939
163
680
78
235
2763
369
2190
4116
117
1105
1686
655
1781
2889
76
2860
2507
3363
134
948
151
2807
2272
3607
89
889
165
3073
2978
241
311
605
668
136
116
2791
73
3030
309
446
62
723
305
1384
377
129
45
641
87
265
101
702
104
2778
4758
664
829
829
515
546
1701
2318
76
304
968
3557
157
1800
912
310
373
191
877
499
291
142
106
569
62
907
59
94
514
3175
68
645
171
121
58
63
104
283
150
1263
100
435
100
489
286
594
416
178
62
379
357
1048
180
259
556
321
2226
1350
87
196
197
216
455
88
363
732
1133
585
95
289
1005
28
214
254
681
51
448
984
118
131
80
251
206
78
151
175
80
129
490
167
629
353
126
65
125
1528
135
42
95
150
511
134
2298
476
1806
931
468
660
126
430
112
118
154
96
82
41
202
88
704
856
1879
201
108
1232
1126
104
154
225
2065
48
209
221
92
17
106
893
2271
344
545
128
1638
455
113
1349
2469
899
542
317
182
467
166
161
308
665
827
472
363
53
45
1734
208
1192
210
274
227
2177
141
395
3567
116
1338
889
126
100
156
602
292
280
1551
2398
260
158
179
39
272
337
75
605
422
82
264
63
159
31
2170
394
4024
159
342
170
94
119
1697
96
250
194
261
345
2435
322
296
129
103
418
264
117
172
318
244
203
303
228
299
1725
122
93
174
140
749
432
58
89
339
16
36
478
464
70
1236
94
124
105
405
437
660
133
273
272
113
728
367
136
195
63
100
55
55
708
176
1240
92
307
441
428
501
32
240
1170
503
1279
1026
1120
310
79
1033
1500
505
403
422
254
2983
430
1336
518
191
411
1955
3000
38
723
2938
330
275
237
129
5000
511
450
348
2907
1178
75
730
225
2000
156
292
65
496
800
1500
2252
283
1277
1057
864
136
285
171
3379
1134
244
3121
1018
2664
702
1392
610
687
380
2162
80
221
2866
2874
165
146
2220
162
526
967
590
260
539
1657
68
3334
522
269
232
815
102
1363
1261
702
179
732
305
556
124
64
747
1378
107
429
181
3849
2645
965
508
411
131
157
470
172
321
152
2189
418
235
358
259
263
696
959
183
1833
126
4167
500
269
222
108
248
51
3650
460
271
161
336
872
239
190
954
313
604
111
428
165
4720
1755
717
101
124
287
155
88
1343
169
403
1361
154
2734
363
1904
165
192
264
107
1161
343
1471
245
191
129
175
35
495
98
120
522
94
283
193
370
993
2191
225
148
95
453
93
102
1058
1513
407
245
83
839
653
60
723
698
123
86
437
436
384
314
403
204
735
787
49
142
194
104
176
62
265
485
221
312
364
417
333
19
210
1995
428
129
147
970
2167
1244
1401
2440
385
18
119
219
68
1072
499
992
134
131
1286
114
389
57
89
869
366
15
187
175
89
195
397
1041
556
1243
155
67
199
59
599
61
226
948
486
3365
2605
520
1065
137
251
631
126
155
322
266
45
144
171
79
3492
53
163
102
294
176
610
417
152
130
186
56
236
323
157
643
664
2097
286
191
95
124
1936
236
599
79
1209
517
179
224
797
475
788
1620
140
3993
633
2966
124
1136
315
599
160
497
2689
297
181
192
574
134
757
217
197
73
555
257
423
1168
625
52
1578
153
184
493
363
116
771
274
71
792
942
290
1010
1172
212
454
2362
532
256
272
2344
100
596
780
2700
54
108
588
203
183
270
222
299
266
148
76
166
450
2881
1578
35
50
3411
93
132
236
2557
556
64
3145
52
162
2433
598
71
47
299
241
100
1738
327
481
122
630
289
100
2868
1030
59
133
505
102
109
61
70
428
119
127
561
211
1357
66
2591
342
87
100
2321
2541
491
703
71
237
1251
846
2401
2133
2924
141
174
2677
27
281
755
163
1165
355
990
391
500
2281
149
190
109
557
118
138
181
173
174
2885
89
61
2588
2686
52
3492
473
729
1420
188
162
162
1168
245
101
215
1911
2549
153
60
273
38
1761
1471
234
57
35
1228
59
1742
100
70
22
2843
219
3325
41
120
76
1950
1770
1128
207
482
368
2937
765
3902
1283
2031
586
380
310
1581
729
1028
97
3568
246
112
4355
265
132
2261
382
65
140
376
219
141
128
593
101
527
127
177
18
100
95
107
198
208
448
1704
381
255
626
1467
197
712
870
295
1506
371
3500
2787
1246
48
91
148
1039
40
892
801
216
934
134
681
740
4654
2352
1280
56
114
255
292
1088
908
91
48
64
2429
284
1253
426
110
783
161
606
93
223
1300
209
118
173
1280
523
78
3802
523
273
144
230
988
391
92
108
1320
108
500
108
696
100
229
814
187
2150
38
673
1805
362
114
841
83
127
1254
15
163
222
94
295
47
1274
43
694
31
149
53
209
18
672
67
522
64
52
108
206
327
94
982
174
382
70
2254
285
91
119
261
120
65
1144
659
64
100
2263
29
561
499
65
191
389
82
119
1440
210
124
287
275
120
1598
2306
2725
374
1162
258
1069
243
260
664
431
3226
2352
163
604
578
640
878
114
69
167
396
299
203
245
119
202
134
227
73
133
268
268
88
490
1580
1337
2567
2660
935
58
951
54
604
257
46
2365
407
677
2281
420
439
946
2407
195
45
499
3162
276
1746
719
2641
2808
2003
2767
530
3225
657
58
2011
619
296
311
466
1162
711
255
228
521
214
52
620
1108
2905
670
567
158
300
581
2418
3456
575
292
4971
604
1794
718
533
276
217
230
359
66
160
2612
126
926
1362
1706
147
591
438
149
1816
522
249
822
893
2808
107
210
596
485
3088
100
155
602
1953
600
249
707
606
1184
450
2684
345
3264
716
19
102
675
930
71
660
1500
272
455
1075
267
1624
252
78
3446
101
258
489
4779
322
563
1288
117
215
1793
981
425
115
2878
209
573
34
601
138
717
515
288
599
590
697
180
371
785
556
279
265
1000
57
368
765
752
1641
440
673
735
314
373
700
489
181
322
2977
5000
543
1852
109
1597
454
97
1454
4639
2144
1203
2794
473
146
382
356
306
571
81
99
99
271
389
212
1039
187
344
600
295
108
2644
201
4462
1170
344
115
775
115
153
163
85
1275
469
89
715
319
113
483
462
1480
275
122
85
685
235
42
980
445
294
2972
490
76
1009
497
54
600
2868
259
159
330
63
627
661
119
3239
915
112
832
2740
167
918
183
482
218
47
84
120
85
213
3387
973
295
912
104
1585
229
1605
1773
810
287
137
339
73
130
124
111
1144
182
256
159
544
2112
458
327
3679
101
212
3415
194
173
160
896
282
157
25
1296
125
92
409
350
110
793
850
908
4234
156
340
2124
1093
462
4935
485
126
319
443
550
1570
3114
2817
563
532
109
541
310
316
554
133
481
1863
305
720
454
173
479
122
50
50
1684
96
448
248
529
364
325
440
2425
91
139
872
787
51
400
2112
222
144
46
739
2966
97
280
237
139
1079
187
3128
756
74
200
1337
170
487
298
353
3285
1388
217
120
1602
563
249
738
218
283
98
163
220
676
120
281
146
70
1147
308
556
39
4114
63
235
1309
580
281
1308
309
159
1351
2882
1184
136
128
406
2093
72
160
541
2034
223
1602
156
200
1923
166
148
105
468
239
350
292
280
131
176
42
88
151
338
100
1438
354
42
210
261
172
281
559
271
487
413
179
1136
401
2219
351
387
77
277
243
65
303
2900
2463
743
53
67
151
88
259
48
149
113
92
35
54
57
247
202
33
48
2003
3087
1533
2199
3020
3034
742
1292
20
2590
2783
84
1927
334
260
1596
1098
427
526
95
199
257
633
474
649
100
484
1090
117
112
2360
553
51
89
183
32
2180
92
64
84
2114
466
94
15
45
2032
2841
71
349
71
158
92
56
63
100
113
877
1324
193
286
61
183
558
589
38
26
162
175
42
839
382
309
478
102
51
82
1621
271
559
188
1112
67
1777
636
101
324
2372
813
84
249
1630
1098
112
266
266
362
100
126
77
52
1566
528
1398
427
1311
419
37
651
215
95
709
563
1182
4851
1584
1412
1268
734
304
350
1029
126
147
1116
255
153
75
2140
75
53
122
27
31
104
69
51
266
293
2719
494
112
674
343
530
81
114
152
173
201
144
83
88
48
145
592
371
529
251
382
126
94
122
54
179
81
20
21
100
515
83
137
100
17
2206
354
538
135
609
646
535
129
257
66
230
218
2186
584
230
86
132
46
683
59
77
145
268
107
480
106
92
335
553
84
149
87
52
36
128
85
121
348
121
259
58
40
139
83
46
202
78
78
107
145
114
337
24
68
86
212
305
72
83
67
235
64
142
15
64
149
126
55
264
82
108
111
92
73
29
67
116
56
171
48
152
89
151
81
56
38
87
40
162
103
227
72
170
161
156
91
27
129
102
203
116
264
58
199
58
120
109
591
50
70
48
100
95
24
181
113
62
46
62
21
121
382
68
190
38
97
217
135
23
102
52
62
49
155
127
123
235
125
86
583
263
131
122
76
26
68
184
47
24
68
72
70
46
363
137
54
39
53
52
163
80
42
45
41
59
61
440
88
22
54
95
100
59
97
79
1843
40
51
156
65
29
50
74
40
45
71
91
20
16
32
21
33
35
87
29
38
24
49
77
40
78
96
58
59
99
47
135
43
41
2118
2577
2829
76
28
100
88
36
166
100
100
115
80
183
133
73
114
113
579
1397
150
736
815
2117
170
198
74
466
1935
294
3708
247
166
466
281
651
254
92
53
55
22
25
48
55
69
236
88
105
55
57
22
195
534
115
163
80
69
132
106
174
62
87
81
63
49
252
95
42
221
51
70
100
157
124
103
349
103
189
119
53
79
305
197
96
100
62
190
99
78
129
196
112
100
77
140
281
93
73
63
54
17
101
130
141
79
258
99
84
100
426
55
26
21
52
15
104
114
135
68
56
219
365
97
134
264
245
83
156
152
100
50
31
31
41
44
20
38
120
127
112
52
15
502
108
61
62
37
211
233
47
122
64
92
61
107
83
90
56
151
48
66
33
72
200
214
79
40
62
117
68
101
212
173
149
115
160
176
113
54
119
27
150
76
23
191
117
51
79
113
100
89
278
34
97
50
61
51
155
53
265
90
129
45
82
164
66
187
108
35
121
56
99
112
151
61
263
63
76
86
259
78
63
55
29
181
50
164
56
187
93
100
219
83
68
46
48
91
38
25
21
88
42
89
46
618
81
119
153
25
145
267
21
26
59
33
62
150
101
103
71
49
63
43
840
91
700
53
15
95
37
61
54
80
108
208
36
293
163
53
72
16
129
51
69
77
116
127
188
130
303
64
124
111
127
59
195
54
164
68
211
92
55
27
187
98
50
207
83
224
193
189
123
71
121
186
55
83
112
69
281
63
52
24
73
51
52
223
178
173
217
267
38
71
316
207
64
15
185
131
176
54
54
36
28
18
237
127
62
51
110
14
73
16
96
81
96
123
120
425
94
26
24
109
280
153
112
82
175
511
76
99
304
190
81
81
78
117
76
163
62
51
150
218
71
130
239
310
69
55
118
100
664
53
137
62
54
15
57
95
91
99
103
255
101
39
123
77
58
22
52
54
304
173
604
101
23
128
171
63
66
68
92
156
43
96
71
59
41
56
122
181
113
47
162
18
53
52
122
58
34
123
114
122
106
164
54
136
28
115
296
59
121
44
132
153
88
889
1462
361
67
140
24
80
44
176
49
218
271
623
115
189
215
48
45
66
163
85
140
293
64
91
